9.440000057220458984e-01 0.000000000000000000e+00
9.440000057220458984e-01 1.000000000000000056e-01
9.440000057220458984e-01 2.000000000000000111e-01
9.440000057220458984e-01 3.000000000000000444e-01
9.440000057220458984e-01 4.000000000000000222e-01
9.440000057220458984e-01 5.000000000000000000e-01
9.440000057220458984e-01 5.999999999999999778e-01
9.440000057220458984e-01 6.999999999999999556e-01
9.440000057220458984e-01 7.999999999999999334e-01
9.440000057220458984e-01 8.999999999999999112e-01
9.440000057220458984e-01 9.999999999999998890e-01
9.440000057220458984e-01 1.099999999999999867e+00
9.440000057220458984e-01 1.199999999999999956e+00
9.440000057220458984e-01 1.300000000000000044e+00
9.440000057220458984e-01 1.400000000000000133e+00
9.440000057220458984e-01 1.500000000000000222e+00
9.440000057220458984e-01 1.600000000000000311e+00
9.440000057220458984e-01 1.700000000000000400e+00
9.440000057220458984e-01 1.800000000000000488e+00
9.440000057220458984e-01 1.900000000000000577e+00
9.440000057220458984e-01 2.000000000000000444e+00
9.440000057220458984e-01 2.100000000000000533e+00
9.440000057220458984e-01 2.200000000000000622e+00
9.440000057220458984e-01 2.300000000000000711e+00
9.440000057220458984e-01 2.400000000000000799e+00
9.440000057220458984e-01 2.500000000000000888e+00
9.440000057220458984e-01 2.600000000000000977e+00
9.440000057220458984e-01 2.700000000000001066e+00
9.440000057220458984e-01 2.800000000000001155e+00
9.440000057220458984e-01 2.900000000000001243e+00
9.440000057220458984e-01 3.000000000000001332e+00
9.440000057220458984e-01 3.100000000000001421e+00
9.440000057220458984e-01 3.200000000000001510e+00
9.440000057220458984e-01 3.300000000000001599e+00
4.399999976158142090e-01 3.400000000000001688e+00
4.399999976158142090e-01 3.500000000000001776e+00
4.399999976158142090e-01 3.600000000000001865e+00
4.399999976158142090e-01 3.700000000000001954e+00
4.399999976158142090e-01 3.800000000000002043e+00
4.399999976158142090e-01 3.900000000000002132e+00
4.399999976158142090e-01 4.000000000000001776e+00
4.399999976158142090e-01 4.100000000000001421e+00
4.399999976158142090e-01 4.200000000000001066e+00
4.399999976158142090e-01 4.300000000000000711e+00
4.399999976158142090e-01 4.400000000000000355e+00
4.399999976158142090e-01 4.500000000000000000e+00
4.399999976158142090e-01 4.599999999999999645e+00
4.399999976158142090e-01 4.699999999999999289e+00
4.399999976158142090e-01 4.799999999999998934e+00
4.399999976158142090e-01 4.899999999999998579e+00
4.399999976158142090e-01 4.999999999999998224e+00
4.399999976158142090e-01 5.099999999999997868e+00
4.399999976158142090e-01 5.199999999999997513e+00
4.399999976158142090e-01 5.299999999999997158e+00
4.399999976158142090e-01 5.399999999999996803e+00
4.399999976158142090e-01 5.499999999999996447e+00
4.399999976158142090e-01 5.599999999999996092e+00
4.399999976158142090e-01 5.699999999999995737e+00
4.399999976158142090e-01 5.799999999999995381e+00
4.399999976158142090e-01 5.899999999999995026e+00
4.399999976158142090e-01 5.999999999999994671e+00
4.399999976158142090e-01 6.099999999999994316e+00
4.399999976158142090e-01 6.199999999999993960e+00
4.399999976158142090e-01 6.299999999999993605e+00
4.399999976158142090e-01 6.399999999999993250e+00
4.399999976158142090e-01 6.499999999999992895e+00
4.399999976158142090e-01 6.599999999999992539e+00
4.399999976158142090e-01 6.699999999999992184e+00
4.399999976158142090e-01 6.799999999999991829e+00
4.399999976158142090e-01 6.899999999999991473e+00
4.399999976158142090e-01 6.999999999999991118e+00
4.399999976158142090e-01 7.099999999999990763e+00
4.399999976158142090e-01 7.199999999999990408e+00
4.399999976158142090e-01 7.299999999999990052e+00
4.399999976158142090e-01 7.399999999999989697e+00
4.399999976158142090e-01 7.499999999999989342e+00
4.399999976158142090e-01 7.599999999999988987e+00
4.399999976158142090e-01 7.699999999999988631e+00
4.399999976158142090e-01 7.799999999999988276e+00
4.399999976158142090e-01 7.899999999999987921e+00
4.399999976158142090e-01 7.999999999999987566e+00
4.399999976158142090e-01 8.099999999999987210e+00
4.399999976158142090e-01 8.199999999999986855e+00
4.399999976158142090e-01 8.299999999999986500e+00
4.399999976158142090e-01 8.399999999999986144e+00
4.399999976158142090e-01 8.499999999999985789e+00
4.399999976158142090e-01 8.599999999999985434e+00
4.399999976158142090e-01 8.699999999999985079e+00
4.399999976158142090e-01 8.799999999999984723e+00
4.399999976158142090e-01 8.899999999999984368e+00
4.399999976158142090e-01 8.999999999999984013e+00
4.399999976158142090e-01 9.099999999999983658e+00
4.399999976158142090e-01 9.199999999999983302e+00
4.399999976158142090e-01 9.299999999999982947e+00
4.399999976158142090e-01 9.399999999999982592e+00
4.399999976158142090e-01 9.499999999999982236e+00
4.399999976158142090e-01 9.599999999999981881e+00
4.399999976158142090e-01 9.699999999999981526e+00
4.399999976158142090e-01 9.799999999999981171e+00
4.399999976158142090e-01 9.899999999999980815e+00
4.399999976158142090e-01 9.999999999999980460e+00
3.000000119209289551e-01 1.009999999999998010e+01
3.000000119209289551e-01 1.019999999999997975e+01
3.000000119209289551e-01 1.029999999999997939e+01
3.000000119209289551e-01 1.039999999999997904e+01
3.000000119209289551e-01 1.049999999999997868e+01
3.000000119209289551e-01 1.059999999999997833e+01
3.000000119209289551e-01 1.069999999999997797e+01
3.000000119209289551e-01 1.079999999999997762e+01
3.000000119209289551e-01 1.089999999999997726e+01
3.000000119209289551e-01 1.099999999999997691e+01
3.000000119209289551e-01 1.109999999999997655e+01
3.000000119209289551e-01 1.119999999999997620e+01
3.000000119209289551e-01 1.129999999999997584e+01
3.000000119209289551e-01 1.139999999999997549e+01
3.000000119209289551e-01 1.149999999999997513e+01
3.000000119209289551e-01 1.159999999999997478e+01
3.000000119209289551e-01 1.169999999999997442e+01
3.000000119209289551e-01 1.179999999999997407e+01
3.000000119209289551e-01 1.189999999999997371e+01
3.000000119209289551e-01 1.199999999999997335e+01
3.000000119209289551e-01 1.209999999999997300e+01
3.000000119209289551e-01 1.219999999999997264e+01
3.000000119209289551e-01 1.229999999999997229e+01
3.000000119209289551e-01 1.239999999999997193e+01
3.000000119209289551e-01 1.249999999999997158e+01
3.000000119209289551e-01 1.259999999999997122e+01
1.275000125169754028e-01 1.269999999999997087e+01
1.275000125169754028e-01 1.279999999999997051e+01
1.275000125169754028e-01 1.289999999999997016e+01
1.275000125169754028e-01 1.299999999999996980e+01
1.275000125169754028e-01 1.309999999999996945e+01
1.275000125169754028e-01 1.319999999999996909e+01
1.275000125169754028e-01 1.329999999999996874e+01
1.275000125169754028e-01 1.339999999999996838e+01
1.275000125169754028e-01 1.349999999999996803e+01
1.275000125169754028e-01 1.359999999999996767e+01
1.275000125169754028e-01 1.369999999999996732e+01
1.275000125169754028e-01 1.379999999999996696e+01
1.275000125169754028e-01 1.389999999999996660e+01
1.275000125169754028e-01 1.399999999999996625e+01
1.275000125169754028e-01 1.409999999999996589e+01
1.275000125169754028e-01 1.419999999999996554e+01
0.000000000000000000e+00 1.429999999999996518e+01
0.000000000000000000e+00 1.439999999999996483e+01
0.000000000000000000e+00 1.449999999999996447e+01
0.000000000000000000e+00 1.459999999999996412e+01
0.000000000000000000e+00 1.469999999999996376e+01
0.000000000000000000e+00 1.479999999999996341e+01
0.000000000000000000e+00 1.489999999999996305e+01
0.000000000000000000e+00 1.499999999999996270e+01
0.000000000000000000e+00 1.509999999999996234e+01
0.000000000000000000e+00 1.519999999999996199e+01
0.000000000000000000e+00 1.529999999999996163e+01
0.000000000000000000e+00 1.539999999999996128e+01
0.000000000000000000e+00 1.549999999999996092e+01
0.000000000000000000e+00 1.559999999999996056e+01
0.000000000000000000e+00 1.569999999999996021e+01
0.000000000000000000e+00 1.579999999999995985e+01
0.000000000000000000e+00 1.589999999999995950e+01
0.000000000000000000e+00 1.599999999999995914e+01
0.000000000000000000e+00 1.609999999999995879e+01
0.000000000000000000e+00 1.619999999999996021e+01
0.000000000000000000e+00 1.629999999999996163e+01
0.000000000000000000e+00 1.639999999999996305e+01
0.000000000000000000e+00 1.649999999999996447e+01
0.000000000000000000e+00 1.659999999999996589e+01
0.000000000000000000e+00 1.669999999999996732e+01
0.000000000000000000e+00 1.679999999999996874e+01
0.000000000000000000e+00 1.689999999999997016e+01
0.000000000000000000e+00 1.699999999999997158e+01
0.000000000000000000e+00 1.709999999999997300e+01
0.000000000000000000e+00 1.719999999999997442e+01
0.000000000000000000e+00 1.729999999999997584e+01
0.000000000000000000e+00 1.739999999999997726e+01
0.000000000000000000e+00 1.749999999999997868e+01
0.000000000000000000e+00 1.759999999999998010e+01
0.000000000000000000e+00 1.769999999999998153e+01
0.000000000000000000e+00 1.779999999999998295e+01
0.000000000000000000e+00 1.789999999999998437e+01
0.000000000000000000e+00 1.799999999999998579e+01
0.000000000000000000e+00 1.809999999999998721e+01
0.000000000000000000e+00 1.819999999999998863e+01
0.000000000000000000e+00 1.829999999999999005e+01
0.000000000000000000e+00 1.839999999999999147e+01
0.000000000000000000e+00 1.849999999999999289e+01
0.000000000000000000e+00 1.859999999999999432e+01
0.000000000000000000e+00 1.869999999999999574e+01
0.000000000000000000e+00 1.879999999999999716e+01
0.000000000000000000e+00 1.889999999999999858e+01
0.000000000000000000e+00 1.900000000000000000e+01
0.000000000000000000e+00 1.910000000000000142e+01
0.000000000000000000e+00 1.920000000000000284e+01
0.000000000000000000e+00 1.930000000000000426e+01
0.000000000000000000e+00 1.940000000000000568e+01
0.000000000000000000e+00 1.950000000000000711e+01
0.000000000000000000e+00 1.960000000000000853e+01
0.000000000000000000e+00 1.970000000000000995e+01
0.000000000000000000e+00 1.980000000000001137e+01
0.000000000000000000e+00 1.990000000000001279e+01
0.000000000000000000e+00 2.000000000000001421e+01
0.000000000000000000e+00 2.010000000000001563e+01
0.000000000000000000e+00 2.020000000000001705e+01
0.000000000000000000e+00 2.030000000000001847e+01
0.000000000000000000e+00 2.040000000000001990e+01
0.000000000000000000e+00 2.050000000000002132e+01
0.000000000000000000e+00 2.060000000000002274e+01
0.000000000000000000e+00 2.070000000000002416e+01
0.000000000000000000e+00 2.080000000000002558e+01
0.000000000000000000e+00 2.090000000000002700e+01
0.000000000000000000e+00 2.100000000000002842e+01
0.000000000000000000e+00 2.110000000000002984e+01
0.000000000000000000e+00 2.120000000000003126e+01
0.000000000000000000e+00 2.130000000000003268e+01
0.000000000000000000e+00 2.140000000000003411e+01
0.000000000000000000e+00 2.150000000000003553e+01
0.000000000000000000e+00 2.160000000000003695e+01
0.000000000000000000e+00 2.170000000000003837e+01
0.000000000000000000e+00 2.180000000000003979e+01
0.000000000000000000e+00 2.190000000000004121e+01
0.000000000000000000e+00 2.200000000000004263e+01
0.000000000000000000e+00 2.210000000000004405e+01
0.000000000000000000e+00 2.220000000000004547e+01
0.000000000000000000e+00 2.230000000000004690e+01
0.000000000000000000e+00 2.240000000000004832e+01
0.000000000000000000e+00 2.250000000000004974e+01
0.000000000000000000e+00 2.260000000000005116e+01
0.000000000000000000e+00 2.270000000000005258e+01
0.000000000000000000e+00 2.280000000000005400e+01
0.000000000000000000e+00 2.290000000000005542e+01
0.000000000000000000e+00 2.300000000000005684e+01
0.000000000000000000e+00 2.310000000000005826e+01
0.000000000000000000e+00 2.320000000000005969e+01
0.000000000000000000e+00 2.330000000000006111e+01
0.000000000000000000e+00 2.340000000000006253e+01
0.000000000000000000e+00 2.350000000000006395e+01
0.000000000000000000e+00 2.360000000000006537e+01
